     0.333      0.621      0.357      0.158     0.0327     0.0155     0.0571     0.0113      0.065      0.965    0.00048       2.27      0.646      0.084     0.0402      0.578       1.39      0.527       1.48        0.2       3.64          0      0.015      0.812      0.417          0      0.225      0.328          0          0          0      0.684          1          0          0          0      0.601          3
     0.313      0.688      0.356      0.155     0.0335     0.0175     0.0573     0.0113     0.0686      0.965    0.00043       2.27      0.784     0.0588     0.0432      0.574        1.4      0.527       1.61        0.2       4.39          0      0.015      0.847      0.476          0      0.225      0.328          0          0          0      0.629          1          0          0          0      0.488          3
     0.328       0.62      0.349      0.153     0.0314     0.0153      0.056     0.0115     0.0678      0.965    0.00046       2.18      0.672      0.084     0.0413      0.578       1.33      0.527       1.48        0.2       3.76          0      0.015      0.835      0.406          0      0.225      0.328          0          0          0      0.684          1          0          0          0      0.588          3
     0.332      0.614      0.355      0.152     0.0331     0.0156     0.0582     0.0117     0.0672      0.965    0.00046       2.27      0.639     0.0847     0.0411      0.578       1.46      0.529       1.48        0.2       3.83          0      0.015      0.808       0.42          0      0.225      0.328          0          0          0      0.654          1          0          0          0      0.573          3
     0.316      0.643      0.354      0.152      0.031     0.0157     0.0678     0.0113     0.0726      0.971    0.00048       2.27      0.666     0.0829     0.0393      0.661       1.42      0.527       1.51        0.2       3.41          0      0.015      0.797      0.472          0      0.225      0.352          0          0          0      0.687          1          0          0          0      0.605          3
     0.331      0.566      0.345      0.152     0.0325      0.016     0.0665     0.0122     0.0552       0.98    0.00048       2.18      0.632     0.0887     0.0411      0.667       1.41      0.527       1.48        0.2       3.64          0      0.015      0.846      0.437          0      0.225      0.286          0          0          0      0.733          1          0          0          0      0.561          3
     0.326      0.606      0.341      0.152     0.0304     0.0171     0.0833     0.0114     0.0562      0.928    0.00051       1.17       0.63      0.084     0.0372      0.725       1.76      0.589       1.56        0.2       3.19          0      0.015      0.812      0.316          0      0.225      0.304          0          0          0      0.736          1          0          0          0      0.655          3
     0.317      0.609      0.341      0.151     0.0294     0.0121      0.058     0.0113     0.0657      0.977    0.00051       2.35      0.678     0.0768     0.0377       0.58       1.39      0.486       1.28        0.2       3.33          0      0.015      0.864      0.415          0      0.225      0.297          0          0          0      0.663          1          0          0          0      0.605          3
     0.324      0.636      0.348       0.15     0.0297     0.0153     0.0633     0.0115     0.0714       0.98     0.0005       2.33      0.672      0.084     0.0374      0.612       1.49      0.531       1.39        0.2       3.68          0      0.015      0.869      0.447          0      0.225      0.313          0          0          0      0.667          1          0          0          0      0.614          3
     0.313      0.602      0.356      0.148     0.0249      0.014     0.0469     0.0108     0.0555      0.968     0.0004       2.53      0.725     0.0937     0.0305      0.509       1.27      0.527       1.27        0.2       3.64          0      0.015      0.839      0.346          0      0.225      0.253          0          0          0      0.684          1          0          0          0      0.716          3
     0.354      0.567      0.349      0.148     0.0278     0.0118     0.0582     0.0113     0.0753       0.98    0.00038       2.54      0.747     0.0979      0.035       0.59       1.39      0.455       1.33        0.2       3.19          0      0.015        0.9       0.45          0      0.225      0.328          0          0          0      0.684          1          0          0          0       0.46          3
     0.315      0.581      0.339      0.149     0.0314     0.0121     0.0531     0.0112     0.0677      0.935     0.0005       2.18      0.672      0.084     0.0413      0.578       1.25      0.481       1.52        0.2       2.82          0      0.015      0.812      0.423          0      0.225      0.333          0          0          0      0.657          1          0          0          0      0.588          3
     0.314      0.571      0.333      0.149     0.0289     0.0137     0.0508     0.0107     0.0665      0.965    0.00046       2.25      0.723     0.0879     0.0371      0.577       1.14      0.552       1.49        0.2       2.94          0      0.015      0.872      0.385          0      0.225      0.311          0          0          0      0.624          1          0          0          0      0.562          3
     0.282      0.667      0.331      0.149     0.0335      0.015     0.0608     0.0114     0.0621       0.98    0.00046       2.23      0.696     0.0886     0.0438      0.598        1.4      0.489       1.48        0.2       3.76          0      0.015      0.841      0.394          0      0.225      0.328          0          0          0      0.698          1          0          0          0      0.584          3
     0.315      0.611      0.337      0.147     0.0339     0.0176     0.0635     0.0108     0.0654      0.965    0.00043       2.11      0.645     0.0883     0.0431       0.64       1.33      0.575       1.48        0.2       3.78          0      0.015      0.888      0.365          0      0.225      0.355          0          0          0       0.63          1          0          0          0      0.588          3
     0.337      0.557      0.336      0.147     0.0357     0.0162     0.0526     0.0104     0.0687      0.965    0.00043       2.42      0.684     0.0795      0.044      0.558       1.26      0.565       1.39        0.2       3.75          0      0.015      0.835      0.403          0      0.225      0.325          0          0          0      0.684          1          0          0          0      0.613          3
     0.323        0.6       0.34      0.146     0.0331     0.0171     0.0575    0.00965      0.068      0.965    0.00048       2.43      0.713     0.0966     0.0401      0.578       1.39      0.547       1.68        0.2       3.47          0      0.015      0.695      0.455          0      0.225      0.271          0          0          0       0.61          1          0          0          0      0.627          3
     0.318      0.621      0.347      0.145     0.0294     0.0166     0.0567    0.00946     0.0575      0.934    0.00044       2.18      0.644     0.0866     0.0357      0.609       1.29       0.58       1.48        0.2       3.51          0      0.015      0.755      0.404          0      0.225      0.357          0          0          0      0.684          1          0          0          0      0.659          3
     0.324      0.576       0.34      0.144     0.0317     0.0152     0.0579     0.0113     0.0638      0.963    0.00047       2.27      0.646      0.084       0.04      0.578       1.39      0.527       1.45        0.2       3.64          0      0.015      0.812       0.42          0      0.225       0.33          0          0          0      0.684          1          0          0          0      0.591          3
     0.306      0.633       0.34      0.144     0.0344      0.015     0.0563     0.0115     0.0756      0.956    0.00046       2.15      0.644     0.0819      0.044       0.57       1.33      0.495       1.54        0.2       3.63          0      0.015      0.823      0.411          0      0.225      0.328          0          0          0      0.684          1          0          0          0      0.627          3
     0.315       0.61      0.336      0.144     0.0332     0.0151     0.0537     0.0113     0.0629      0.942    0.00047        2.2      0.603     0.0778     0.0408      0.544       1.31      0.513       1.48        0.2       3.67          0      0.015      0.812      0.441          0      0.225      0.325          0          0          0      0.652          1          0          0          0       0.63          3
      0.31      0.625       0.34      0.143      0.033     0.0155     0.0572     0.0113      0.065      0.955    0.00045       2.28      0.648     0.0838     0.0412      0.571       1.39      0.527       1.48        0.2       3.65          0      0.015      0.789      0.419          0      0.225      0.321          0          0          0      0.684          1          0          0          0      0.585          3
     0.319      0.561      0.339      0.142      0.038     0.0116     0.0558     0.0116     0.0688      0.908    0.00057       2.13      0.548     0.0855     0.0444      0.603        1.2      0.412       1.33        0.2       3.56          0      0.015      0.692      0.514          0      0.225      0.347          0          0          0      0.684          1          0          0          0      0.569          3
     0.293      0.624      0.328      0.143     0.0317      0.016     0.0564     0.0114     0.0674       0.97    0.00046       2.14      0.679     0.0856     0.0413       0.58       1.33      0.531       1.54        0.2       3.72          0      0.015      0.853      0.398          0      0.225      0.327          0          0          0      0.695          1          0          0          0      0.588          3
     0.329      0.555      0.328      0.143     0.0322     0.0169     0.0539     0.0108     0.0708      0.965     0.0005       2.17      0.619      0.084     0.0402      0.559       1.28      0.513       1.65        0.2       4.09          0      0.015      0.793      0.417          0      0.225       0.28          0          0          0      0.645          1          0          0          0      0.601          3
     0.279      0.705      0.318      0.144     0.0318      0.016     0.0595     0.0115      0.065      0.974    0.00048       2.17      0.664      0.084     0.0414      0.578       1.39      0.557        1.4        0.2       3.56          0      0.015       0.81      0.426          0      0.225      0.328          0          0          0      0.684          1          0          0          0      0.601          3
      0.29      0.654      0.324      0.143      0.033     0.0166     0.0599     0.0123     0.0758       0.98    0.00041       2.18      0.552      0.084     0.0422      0.578       1.43      0.576       1.48        0.2       3.29          0      0.015      0.835      0.385          0      0.225      0.342          0          0          0      0.656          1          0          0          0      0.558          3
     0.299      0.594      0.342      0.141     0.0334     0.0158     0.0562     0.0115     0.0681      0.963    0.00046        2.2      0.669     0.0842     0.0413      0.579       1.33      0.524       1.48        0.2       3.76          0      0.015      0.834      0.404          0      0.225      0.328          0          0          0      0.684          1          0          0          0      0.593          3
     0.286      0.669      0.317      0.143      0.035     0.0172     0.0513     0.0113     0.0682       0.98    0.00039       2.02      0.646     0.0853     0.0469      0.449       1.64      0.596       1.38        0.2       3.82          0      0.015      0.563      0.417          0      0.225      0.396          0          0          0       0.75          1          0          0          0      0.601          3
     0.326      0.577      0.335      0.141     0.0257     0.0158     0.0486     0.0081     0.0553      0.958    0.00043       2.25       0.76     0.0704     0.0317      0.558       1.15      0.565        1.4        0.2       3.75          0      0.015      0.835      0.402          0      0.225      0.359          0          0          0       0.69          1          0          0          0       0.73          3
     0.257       0.71      0.324      0.142     0.0326      0.016     0.0571     0.0118     0.0668      0.968    0.00047       2.19      0.672      0.082     0.0411      0.594        1.3      0.517       1.52        0.2        3.8          0      0.015      0.828      0.406          0      0.225      0.338          0          0          0      0.694          1          0          0          0      0.588          3
      0.31      0.599      0.323      0.142     0.0314     0.0154      0.056      0.012     0.0611      0.979    0.00049       2.51       0.63     0.0877     0.0395      0.521       1.49      0.526       1.56        0.2       3.34          0      0.015      0.713      0.428          0      0.225      0.346          0          0          0      0.685          1          0          0          0      0.629          3
     0.303      0.631      0.332      0.141     0.0352     0.0118      0.056     0.0132     0.0669      0.965    0.00037       2.42      0.664     0.0777     0.0418      0.558       1.39      0.422       1.22        0.2       4.09          0      0.015      0.619      0.458          0      0.225       0.33          0          0          0        0.5          1          0          0          0      0.505          3
     0.295       0.58       0.33      0.141     0.0314     0.0157     0.0569     0.0115     0.0678      0.964    0.00046       2.19      0.672      0.085     0.0409      0.571       1.33      0.528       1.47        0.2       3.78          0      0.015      0.836      0.408          0      0.225       0.33          0          0          0      0.684          1          0          0          0      0.587          3
     0.264       0.71      0.321      0.142     0.0333     0.0172     0.0481     0.0138     0.0536       0.98    0.00043       2.13      0.806     0.0791      0.044      0.455       1.46      0.585       1.26        0.2       3.95          0      0.015        0.9      0.403          0      0.225      0.325          0          0          0      0.808          1          0          0          0       0.32          3
     0.324      0.651      0.344      0.139     0.0342     0.0156     0.0608     0.0113     0.0751      0.937    0.00048       2.27      0.694      0.084     0.0402       0.64       1.32       0.57       1.48        0.2       3.42          0      0.015      0.784      0.349          0      0.225      0.323          0          0          0      0.704          1          0          0          0      0.595          3
     0.305      0.633      0.328       0.14     0.0321     0.0156     0.0568     0.0113      0.065      0.978    0.00049        2.3      0.652     0.0837     0.0401      0.578       1.35      0.543       1.37        0.2       3.75          0      0.015      0.773       0.42          0      0.225      0.325          0          0          0      0.669          1          0          0          0      0.634          3
      0.35      0.507      0.336      0.139     0.0339     0.0158     0.0547     0.0113     0.0627      0.965    0.00048       2.32      0.602     0.0881      0.041      0.546       1.41      0.544       1.47        0.2       3.55          0      0.015      0.764      0.414          0      0.225      0.317          0          0          0      0.701          1          0          0          0      0.589          3
     0.309      0.609      0.317      0.141     0.0351     0.0134     0.0531     0.0115     0.0838      0.932    0.00038       1.64      0.672        0.1     0.0437      0.525       1.33      0.528       1.21        0.2        3.3          0      0.015        0.9      0.406          0      0.225      0.295          0          0          0      0.797          1          0          0          0      0.588          3
     0.309      0.629      0.342      0.138     0.0327      0.012      0.068     0.0109     0.0547      0.965    0.00037       2.42      0.684     0.0769     0.0394      0.659       1.56      0.519       1.35        0.2       2.76          0      0.015      0.823      0.557          0      0.225      0.218          0          0          0      0.856          1          0          0          0      0.573          3
     0.293      0.636      0.323       0.14     0.0253     0.0157      0.057    0.00963     0.0772      0.945    0.00041       1.63      0.587     0.0818     0.0305      0.578       1.32      0.569        1.2        0.2       3.67          0      0.015      0.723      0.406          0      0.225      0.292          0          0          0      0.794          1          0          0          0      0.567          3
     0.289      0.625      0.326      0.139     0.0341     0.0155     0.0578     0.0115     0.0617      0.966     0.0005       2.34      0.628      0.084     0.0415      0.577       1.38      0.509       1.48        0.2       3.64          0      0.015      0.814      0.417          0      0.225      0.328          0          0          0      0.668          1          0          0          0       0.59          3
       0.3      0.557      0.325      0.139     0.0386     0.0179     0.0566     0.0101     0.0709      0.964    0.00048       2.58      0.646     0.0898     0.0441      0.578       1.31      0.479       1.82        0.2       4.87          0      0.015      0.812      0.417          0      0.225        0.4          0          0          0      0.613          1          0          0          0      0.547          3
      0.29      0.634      0.325      0.139     0.0328     0.0162     0.0578     0.0111      0.065      0.971    0.00048       2.33      0.662     0.0872     0.0402      0.577       1.39      0.539       1.47        0.2       3.73          0      0.015      0.767       0.41          0      0.225      0.328          0          0          0      0.694          1          0          0          0       0.59          3
     0.268      0.716      0.316       0.14     0.0348     0.0195     0.0494    0.00983     0.0817      0.965    0.00045       2.28       0.64     0.0795      0.044      0.558       1.07      0.629       1.59        0.2       3.72          0      0.015      0.835       0.34          0      0.225      0.548          0          0          0      0.509          1          0          0          0      0.493          3
     0.257      0.704      0.324      0.139     0.0321     0.0162     0.0583     0.0119     0.0682      0.978    0.00046       2.19      0.679     0.0877     0.0407      0.586       1.33      0.527       1.46        0.2       3.76          0      0.015      0.807      0.392          0      0.225      0.328          0          0          0      0.687          1          0          0          0      0.603          3
     0.273      0.672      0.306      0.141     0.0327     0.0138     0.0367    0.00978     0.0687      0.965    0.00045       2.21      0.912     0.0857     0.0465      0.364       1.26      0.524       1.65        0.2       2.97          0      0.015        0.9      0.403          0      0.225      0.337          0          0          0      0.581          1          0          0          0      0.613          3
     0.311      0.598      0.331      0.138      0.034     0.0153     0.0562     0.0122     0.0665      0.957    0.00048        2.3       0.66      0.084      0.041      0.554       1.41      0.523       1.46        0.2       3.64          0      0.015      0.831      0.426          0      0.225      0.334          0          0          0      0.684          1          0          0          0      0.625          3
     0.319      0.575       0.34      0.137     0.0316     0.0161     0.0534     0.0115     0.0739      0.958    0.00046       2.18      0.638     0.0881     0.0387      0.578       1.22      0.524       1.46        0.2       4.12          0      0.015      0.804      0.393          0      0.225      0.328          0          0          0      0.646          1          0          0          0      0.665          3
     0.299      0.579      0.307      0.136     0.0384     0.0207     0.0441    0.00948        0.1      0.939    0.00043       2.28      0.669     0.0795     0.0485      0.513      0.985      0.684        1.6        0.2       3.72          0      0.015       0.87      0.365          0      0.225      0.483          0          0          0      0.461          1          0          0          0      0.739          3
     0.284      0.586      0.316      0.134     0.0345     0.0126     0.0547     0.0132     0.0527      0.965    0.00068       2.42      0.646     0.0683     0.0402      0.546       1.39      0.368       1.78        0.2       3.95          0      0.015      0.737      0.457          0      0.225      0.384          0          0          0      0.663          1          0          0          0      0.559          3
     0.315      0.585      0.333      0.132     0.0319     0.0155     0.0543    0.00864      0.089      0.923    0.00048       2.27      0.646     0.0949     0.0373      0.578       1.27      0.527       1.48        0.2       3.64          0      0.015        0.9      0.469          0      0.225       0.31          0          0          0      0.684          1          0          0          0      0.693          3
     0.287      0.632      0.309      0.134     0.0386     0.0218     0.0594     0.0113     0.0672       0.98    0.00049       2.27      0.646     0.0608     0.0491      0.573       1.39      0.677       1.69        0.2       3.62          0      0.015      0.534       0.38          0      0.225      0.237          0          0          0      0.684          1          0          0          0      0.543          3
     0.325       0.54      0.324      0.132     0.0345     0.0162     0.0523     0.0104     0.0675       0.98    0.00043       2.42      0.713     0.0794      0.041      0.558       1.23      0.565       1.34        0.2       3.91          0      0.015      0.809      0.401          0      0.225      0.343          0          0          0      0.684          1          0          0          0      0.595          3
     0.314      0.566      0.331      0.131     0.0348     0.0155      0.056      0.012      0.071      0.962    0.00048        2.4      0.674     0.0822     0.0402      0.539       1.48       0.53       1.48        0.2       3.64          0      0.015       0.81      0.417          0      0.225      0.296          0          0          0      0.725          1          0          0          0       0.62          3
     0.283       0.64      0.313      0.133     0.0319     0.0179     0.0493     0.0135     0.0681       0.98    0.00048       2.27      0.551      0.084     0.0402      0.544        1.1      0.601       1.48        0.2       3.57          0      0.015      0.872      0.471          0      0.225       0.34          0          0          0       0.59          1          0          0          0      0.548          3
     0.276      0.679      0.326      0.131     0.0364     0.0164     0.0528     0.0104     0.0687      0.963    0.00043       2.42      0.679     0.0793     0.0441      0.555       1.26      0.567       1.39        0.2       3.75          0      0.015      0.842      0.403          0      0.225      0.327          0          0          0      0.683          1          0          0          0      0.611          3
     0.296      0.593      0.334       0.13     0.0359     0.0151     0.0594     0.0114     0.0668      0.931    0.00059       2.42      0.646      0.084     0.0423      0.599        1.4      0.507       1.53        0.2       3.64          0      0.015      0.812      0.426          0      0.225      0.303          0          0          0      0.745          1          0          0          0      0.553          3
     0.297      0.573      0.315      0.132     0.0361     0.0147     0.0593     0.0109      0.071      0.951    0.00049       2.36      0.649      0.084     0.0424      0.582       1.39      0.497       1.42        0.2       3.77          0      0.015      0.843      0.406          0      0.225      0.319          0          0          0      0.713          1          0          0          0      0.575          3
     0.325      0.577      0.329       0.13     0.0377     0.0152     0.0501     0.0118     0.0696      0.895    0.00043       1.81      0.766     0.0931      0.044      0.523       1.26      0.556       1.39        0.2       3.44          0      0.015       0.75      0.403          0      0.225      0.383          0          0          0      0.616          1          0          0          0      0.402          3
     0.301       0.58      0.314      0.131     0.0347      0.016     0.0534     0.0105       0.07      0.969    0.00044       2.42       0.67     0.0795     0.0435      0.558       1.25      0.562       1.39        0.2       3.75          0      0.015      0.847        0.4          0      0.225      0.326          0          0          0      0.684          1          0          0          0      0.618          3
     0.303      0.583      0.325      0.129     0.0374     0.0166     0.0551     0.0106     0.0697      0.961    0.00044       2.42      0.674     0.0812     0.0445      0.558       1.32      0.576       1.38        0.2       3.74          0      0.015      0.835      0.406          0      0.225      0.327          0          0          0      0.684          1          0          0          0      0.612          3
     0.301      0.544       0.32      0.129     0.0337     0.0168     0.0528     0.0106     0.0756      0.921    0.00056       1.97      0.641     0.0858     0.0402      0.522       1.37      0.527       1.52        0.2       3.81          0      0.015      0.857      0.417          0      0.225      0.255          0          0          0      0.595          1          0          0          0      0.662          3
     0.298       0.62      0.315      0.129     0.0356     0.0138     0.0638     0.0114      0.065      0.965    0.00045       2.08      0.646     0.0898     0.0419      0.613       1.41      0.469       1.29        0.2       4.03          0      0.015       0.84      0.417          0      0.225      0.342          0          0          0      0.693          1          0          0          0      0.591          3
     0.296      0.637       0.33      0.127     0.0347     0.0166     0.0575     0.0105     0.0667       0.91    0.00038       2.46      0.646      0.084     0.0402      0.578       1.39      0.529       1.69        0.2       3.64          0      0.015        0.9      0.438          0      0.225      0.368          0          0          0      0.684          1          0          0          0      0.511          3
     0.298      0.595      0.318      0.127      0.034     0.0156     0.0587     0.0113      0.065      0.959    0.00049       2.38      0.646      0.084     0.0394      0.582       1.39      0.527        1.5        0.2       3.64          0      0.015      0.806      0.415          0      0.225      0.333          0          0          0      0.679          1          0          0          0       0.61          3
     0.262      0.695      0.285       0.13     0.0372     0.0198     0.0402    0.00961      0.115      0.944    0.00038       2.34       0.82     0.0771     0.0485      0.473      0.928      0.666       1.42        0.2       4.12          0      0.015      0.866       0.42          0      0.225      0.484          0          0          0      0.484          1          0          0          0      0.709          3
     0.267      0.653      0.283       0.13     0.0351     0.0134     0.0399    0.00961     0.0976       0.98    0.00048       2.04      0.946     0.0689     0.0485      0.449      0.993      0.455       1.25        0.2       4.12          0      0.015      0.727       0.42          0      0.225      0.474          0          0          0      0.434          1          0          0          0      0.709          3
     0.238      0.691      0.282       0.13     0.0347      0.013     0.0391    0.00961     0.0993       0.98    0.00047       2.08      0.946     0.0694     0.0478      0.444      0.994      0.455       1.25        0.2       4.05          0      0.015      0.733      0.426          0      0.225      0.474          0          0          0      0.426          1          0          0          0      0.728          3
     0.266      0.628      0.298      0.127     0.0324     0.0152     0.0607     0.0113      0.062      0.972    0.00051       2.29      0.646     0.0862     0.0402       0.57       1.39      0.519       1.47        0.2       3.57          0      0.015      0.856      0.429          0      0.225      0.322          0          0          0      0.638          1          0          0          0      0.601          3
     0.269      0.643      0.289      0.128     0.0389     0.0225      0.044    0.00948     0.0972      0.947    0.00044        2.4      0.669     0.0854     0.0485      0.473       1.07      0.762        1.6        0.2        3.6          0      0.015      0.819      0.331          0      0.225       0.48          0          0          0       0.49          1          0          0          0      0.746          3
      0.28      0.643       0.31      0.125     0.0394     0.0137     0.0521     0.0115     0.0603      0.917    0.00049       2.64      0.585     0.0843     0.0426      0.513       1.39      0.527       1.29        0.2       3.37          0      0.015      0.773      0.417          0      0.225      0.328          0          0          0      0.684          1          0          0          0      0.588          3
     0.249      0.686      0.281      0.128     0.0323     0.0158     0.0684     0.0114     0.0706      0.975    0.00047       2.17      0.664     0.0806     0.0408      0.627       1.45       0.54       1.42        0.2       3.47          0      0.015      0.812      0.423          0      0.225       0.36          0          0          0      0.658          1          0          0          0      0.602          3
     0.249      0.637      0.284      0.127     0.0333     0.0169     0.0567     0.0111     0.0671      0.965    0.00046       1.89      0.708      0.084     0.0402      0.545       1.36      0.527        1.4        0.2       3.76          0      0.015      0.812      0.417          0      0.225      0.328          0          0          0      0.684          1          0          0          0      0.531          3
     0.274      0.651      0.296      0.125     0.0425     0.0205     0.0455     0.0092      0.102      0.939    0.00042        2.4      0.669     0.0814     0.0512      0.534       0.95      0.693       1.58        0.2       3.55          0      0.015        0.9      0.355          0      0.225      0.461          0          0          0      0.472          1          0          0          0       0.63          3
     0.299      0.595      0.309      0.123     0.0351     0.0111     0.0378     0.0115       0.06      0.936    0.00048       2.69       0.74     0.0821     0.0402      0.363       1.38       0.42       1.48        0.2       3.21          0      0.015       0.79      0.488          0      0.225      0.333          0          0          0      0.684          1          0          0          0      0.583          3
     0.276      0.577      0.305      0.123     0.0339     0.0166     0.0522     0.0116      0.078       0.98    0.00041       2.66      0.672     0.0804     0.0391      0.562        1.2      0.535       1.45        0.2       4.31          0      0.015      0.886       0.41          0      0.225      0.322          0          0          0      0.589          1          0          0          0       0.58          3
     0.246      0.683      0.267      0.127      0.037     0.0138     0.0361    0.00991      0.112      0.973    0.00047       2.15      0.922     0.0821     0.0494      0.397       0.99      0.455       1.25        0.2       4.51          0      0.015      0.717      0.426          0      0.225      0.596          0          0          0      0.372          1          0          0          0      0.745          3
     0.285      0.613      0.302      0.123     0.0386     0.0181      0.049    0.00949        0.1      0.955    0.00044       2.22      0.669     0.0819     0.0462      0.538       1.06      0.592        1.6        0.2       3.76          0      0.015      0.839      0.368          0      0.225      0.503          0          0          0      0.468          1          0          0          0      0.739          3
     0.249      0.728      0.281      0.125     0.0403     0.0205      0.046    0.00948     0.0994      0.939    0.00044       2.25      0.669     0.0789     0.0475      0.519      0.985      0.675       1.59        0.2       3.68          0      0.015       0.87      0.359          0      0.225      0.482          0          0          0      0.457          1          0          0          0      0.731          3
     0.285      0.603      0.298      0.123     0.0396     0.0165     0.0428    0.00977       0.12      0.954    0.00043        2.3      0.694     0.0673      0.047      0.451       1.12      0.542        1.6        0.2       3.72          0      0.015        0.9      0.335          0      0.225      0.493          0          0          0      0.483          1          0          0          0      0.781          3
     0.237      0.642       0.28      0.124     0.0306     0.0213     0.0628     0.0103     0.0575       0.98    0.00048       1.77      0.639     0.0746     0.0345      0.579       1.45       0.51       1.55        0.2       4.67          0      0.015        0.9      0.365          0      0.225      0.408          0          0          0      0.436          1          0          0          0      0.628          3
     0.253      0.598      0.261      0.126     0.0367      0.014     0.0341    0.00991      0.114       0.98    0.00047       2.24      0.922     0.0765      0.049      0.373       1.04      0.462       1.26        0.2       4.51          0      0.015      0.714      0.402          0      0.225      0.619          0          0          0      0.388          1          0          0          0      0.749          3
     0.282      0.563      0.294      0.122     0.0185     0.0237     0.0582      0.014      0.065      0.965    0.00047       1.82      0.511     0.0712     0.0212      0.578       1.25      0.698       1.52        0.2       3.64          0      0.015      0.812      0.336          0      0.225      0.388          0          0          0      0.684          1          0          0          0      0.651          3
     0.296      0.571      0.319      0.119     0.0303     0.0166     0.0432    0.00941     0.0468      0.977    0.00048       2.28      0.646     0.0862     0.0362      0.468       1.21      0.527       1.65        0.2       3.85          0      0.015      0.781      0.321          0      0.225      0.344          0          0          0      0.747          1          0          0          0      0.601          3
      0.24       0.69      0.263      0.124     0.0356       0.01     0.0326    0.00961      0.113      0.967    0.00051       2.25       0.95     0.0691     0.0501      0.348       1.06      0.443      0.837        0.2       4.32          0      0.015      0.795       0.42          0      0.225      0.517          0          0          0      0.423          1          0          0          0      0.709          3
     0.268      0.537       0.28      0.122     0.0354     0.0182     0.0711     0.0101     0.0627      0.965     0.0005       1.78      0.688      0.084     0.0422      0.693       1.33      0.543       1.48        0.2       3.76          0      0.015      0.844      0.337          0      0.225      0.375          0          0          0      0.717          1          0          0          0      0.588          3
     0.271      0.639      0.305      0.118     0.0412     0.0137     0.0598     0.0111     0.0475      0.965    0.00043        2.5      0.646     0.0834     0.0482      0.578       1.44      0.448       1.49        0.2       3.85          0      0.015      0.721      0.379          0      0.225      0.337          0          0          0      0.671          1          0          0          0      0.544          3
     0.319       0.56      0.323      0.115     0.0291     0.0136     0.0725     0.0104      0.074       0.98    0.00056       2.72      0.692      0.101     0.0319      0.694       1.59      0.464       1.34        0.2       3.88          0      0.015      0.778      0.381          0      0.225      0.237          0          0          0      0.647          1          0          0          0      0.491          3
      0.25       0.65      0.279      0.119     0.0394     0.0268     0.0506     0.0109      0.108       0.98    0.00043       2.58      0.521     0.0777     0.0442      0.547       1.11      0.756       1.81        0.2        4.2          0      0.015      0.778      0.421          0      0.225      0.454          0          0          0       0.44          1          0          0          0      0.739          3
     0.256      0.646      0.256      0.119     0.0441     0.0125     0.0413     0.0101      0.092      0.966    0.00048       1.93       0.95     0.0615     0.0558      0.448       1.01      0.466       1.11        0.2       3.93          0      0.015      0.779      0.422          0      0.225      0.509          0          0          0      0.423          1          0          0          0      0.691          3
     0.236      0.677      0.262      0.118     0.0455    0.00941     0.0503    0.00983     0.0683      0.955    0.00039       2.28      0.516     0.0728     0.0547      0.751      0.651      0.414        0.8        0.2       3.72          0      0.015      0.748      0.369          0      0.225      0.715          0          0          0      0.638          1          0          0          0      0.364          3
     0.265      0.597      0.289      0.114     0.0355     0.0141     0.0414     0.0118     0.0489       0.91    0.00044       2.71      0.618      0.084     0.0402       0.45       1.11      0.581        1.2        0.2       3.29          0      0.015      0.812      0.417          0      0.225      0.368          0          0          0      0.709          1          0          0          0      0.339          3
     0.315       0.48      0.296      0.112     0.0439     0.0131      0.063    0.00826     0.0742       0.98    0.00065       2.71      0.646      0.073     0.0525      0.532       1.74      0.527       1.52        0.2       2.71          0      0.015      0.561      0.488          0      0.225      0.328          0          0          0      0.994          1          0          0          0      0.532          3
     0.256      0.571      0.283      0.111      0.038     0.0174     0.0592      0.014     0.0678      0.946    0.00048       1.99      0.692     0.0651     0.0409      0.587       1.33      0.471       1.48        0.2       4.95          0      0.015        0.9      0.406          0      0.225      0.377          0          0          0      0.603          1          0          0          0      0.654          3
     0.215      0.722      0.245      0.112     0.0409     0.0156     0.0336    0.00991      0.114       0.98    0.00049       2.37      0.886     0.0767     0.0545       0.36       1.04      0.562       1.19        0.2       4.23          0      0.015      0.817      0.417          0      0.225      0.571          0          0          0      0.445          1          0          0          0      0.749          3
     0.208      0.729       0.24      0.112      0.038      0.016     0.0307     0.0105       0.12       0.98     0.0004       2.19      0.946     0.0686     0.0525      0.335       1.01      0.562       1.22        0.2       4.34          0      0.015      0.743      0.417          0      0.238      0.555          0          0          0      0.468          1          0          0          0      0.701          3
       0.3       0.63      0.307      0.104     0.0337     0.0197     0.0687     0.0114     0.0715       0.98    0.00067       2.88      0.646     0.0717      0.035      0.641       1.57      0.626       1.64        0.2       3.68          0      0.015      0.812      0.444          0      0.225      0.288          0          0          0      0.684          1          0          0          0      0.429          3
     0.233       0.69      0.241       0.11     0.0433     0.0148     0.0322     0.0102      0.114       0.98     0.0005       2.37      0.858     0.0717     0.0548      0.345       1.03      0.539       1.19        0.2       4.11          0      0.015      0.762      0.428          0      0.209      0.583          0          0          0      0.438          1          0          0          0      0.736          3
     0.222      0.744      0.251      0.107     0.0401     0.0138     0.0333    0.00991      0.112      0.935    0.00051       2.55      0.882     0.0717     0.0487       0.36       1.04      0.562          1        0.2       4.22          0      0.015      0.753      0.385          0      0.225       0.62          0          0          0      0.409          1          0          0          0       0.74          3
     0.222      0.674      0.237      0.108     0.0427     0.0163     0.0331     0.0102      0.114       0.98    0.00047       2.37      0.886     0.0739     0.0545      0.348       1.08       0.55       1.24        0.2       4.63          0      0.015      0.817      0.437          0      0.222      0.571          0          0          0      0.399          1          0          0          0       0.76          3
     0.207      0.675      0.233      0.108     0.0433     0.0159     0.0335    0.00918      0.114       0.98    0.00052       2.35      0.725     0.0819     0.0545      0.335       1.06      0.562       1.19        0.2       4.43          0      0.015        0.9      0.396          0      0.225      0.546          0          0          0      0.457          1          0          0          0      0.775          3
     0.216      0.658      0.244     0.0978     0.0334     0.0151     0.0551     0.0115      0.065      0.954    0.00043        2.2      0.586     0.0822     0.0402      0.499       1.39      0.566       1.48        0.2       3.19          0      0.015      0.747      0.417          0      0.225      0.348          0          0          0      0.772          1          0          0          0      0.518          3
     0.215      0.686      0.228     0.0992     0.0454     0.0166     0.0296     0.0108      0.115      0.978     0.0005       3.06      0.896     0.0725     0.0582      0.344      0.904      0.615       1.27        0.2       3.73          0      0.015      0.729        0.4          0      0.199        0.5          0          0          0      0.497          1          0          0          0      0.858          3
     0.203      0.615       0.23     0.0967     0.0498     0.0233     0.0411    0.00969     0.0984      0.861    0.00043       2.34      0.575     0.0859     0.0526        0.5      0.863      0.684        1.6        0.2       4.72          0      0.015      0.888      0.479          0      0.225      0.492          0          0          0       0.41          1          0          0          0      0.741          3
     0.162        0.6      0.173     0.0669     0.0638     0.0187     0.0346     0.0107      0.112       0.98    0.00053       2.54      0.825     0.0636       0.06      0.348      0.901      0.594       1.27        0.2       3.58          0      0.015      0.761      0.387          0      0.216        0.5          0          0          0      0.484          1          0          0          0      0.883          3
     0.172      0.441      0.147     0.0659     0.0833     0.0227     0.0346       0.01        0.1      0.937     0.0005          3        0.8        0.1       0.05        0.3          1        0.7          1        0.2          4          0      0.015        0.7        0.4          0        0.2        0.5          0          0          0        0.5          1          0          0          0          1          3
     0.144      0.537      0.158     0.0556     0.0619     0.0181     0.0338     0.0107      0.115       0.98     0.0005       3.06      0.899     0.0727     0.0581      0.346      0.899      0.615       1.27        0.2       3.73          0      0.015      0.731        0.4          0      0.199        0.5          0          0          0        0.5          1          0          0          0      0.869          3
     0.152      0.421      0.148     0.0534     0.0614     0.0192     0.0412     0.0109      0.123       0.91     0.0005       2.96      0.867     0.0674     0.0463       0.42      0.988      0.566       1.41        0.2       4.48          0      0.015      0.731      0.346          0      0.193        0.5          0          0          0        0.5          1          0          0          0      0.869          3
     0.144      0.556      0.146     0.0507     0.0438     0.0143     0.0338    0.00885      0.092      0.925     0.0005       2.07       0.85     0.0906     0.0376        0.3       1.17      0.517       1.02        0.2       3.59          0      0.015      0.822      0.289          0      0.206      0.514          0          0          0      0.646          1          0          0          0       0.95          3
     0.118      0.381     0.0909      0.033     0.0956      0.026     0.0364     0.0099     0.0995      0.943    0.00053       3.07      0.845      0.102     0.0507      0.307       1.01       0.71       1.03        0.2       4.21          0      0.015        0.7      0.422          0      0.189      0.498          0          0          0      0.524          1          0          0          0          1          3
     0.126      0.314     0.0844     0.0304     0.0948     0.0252     0.0368    0.00923      0.106      0.935    0.00051          3      0.832      0.103       0.05      0.307       1.05      0.727       0.97        0.2          4          0      0.015      0.679      0.401          0      0.208      0.489          0          0          0      0.524          1          0          0          0          1          3
     0.131      0.259      0.101     0.0273     0.0694     0.0171      0.034    0.00996        0.1      0.937    0.00043          3      0.791     0.0896     0.0479      0.292       1.14        0.7      0.876        0.2       4.26          0      0.015      0.669      0.445          0        0.2      0.536          0          0          0      0.441          1          0          0          0      0.998          3
     0.112      0.321     0.0831     0.0277      0.102     0.0241      0.039     0.0124      0.101      0.899    0.00056          3      0.763     0.0951       0.05      0.342      0.973      0.724       1.06        0.2       3.87          0      0.015      0.673      0.404          0      0.193      0.469          0          0          0      0.429          1          0          0          0          1          3
